340001
340002
340003
340004
340006
340007
340008
340009
340010
340012
340014
340015
340016
340018
340019
340020
340021
340022
340024
340025
340026
340027
340028
340030
340031
340032
340033
340034
340036
340037
340038
340039
340040
340043
340045
340047
340048
340049
340050
340051
340052
340054
340055
340057
340059
340060
340061
340062
340063
340064
340067
340069
340072
340073
340074
340075
340076
340079
340081
340083
340084
340085
340086
340087
340088
340091
340093
340095
340096
340097
340098
340099
340100
340103
340107
340108
340109
340110
340111
340112
340115
340117
340119
340120
340121
340122
340123
340124
340127
340129
340131
340132
340133
340134
340135
340136
340139
340141
340143
340144
340352
340353
340354
340355
340356
340357
340358
340359
340360
340361
340362
340363
340364
340365
340366
340367
340368
340369
340370
340371
340372
340373
340374
340375
340376
340377
340378
340379
340380
340381
340382
340383
340384
340385
340386
340387
340388
340389
340390
340391
340392
340393
340394
340395
340396
340397
340510
340511
340512
340513
340514
340515
340516
340517
340518
340519
340520
340521
340522
340523
340524
340525
340526
340527
340528
340529
340530
340531
340532
340533
340534
340535
340536
340537
340538
340539
340611
340612
340613
340614
340615
340616
340617
340618
340619
340620
340621
340622
340623
340624
340625
340626
340627
340628
340629
340630
340631
340632
340633
340634
340635
340636
340637
340638
340639
340640
340644
340645
340647
340660
340661
340662
340663
340664
340665
340666
340667
340668
340669